0 0.8398175841
1 0.0975234779099
2 0.0239487533269
3 0.0103566300122
4 0.00584530303661
5 0.0037721076808
6 0.00265393197176
7 0.00196886894362
8 0.00151582565696
9 0.00123006200618
10 0.00101426165422
11 0.000850143424763
12 0.000726436216632
13 0.000603691175676
14 0.000560256200377
15 0.000488231114755
16 0.000420054697829
17 0.000382392725576
18 0.000337033415929
19 0.000313941403744
20 0.000282189886991
21 0.000253462324214
22 0.000229820502216
23 0.000211539325903
24 0.000199993319811
25 0.000182261953312
26 0.00015848267886
27 0.000159719750942
28 0.000148448649756
29 0.000130442378351
30 0.000137727358385
31 0.000121645421328
32 0.000113948083933
33 0.000105700936725
34 0.000100202838586
35 9.31927634582e-05
36 8.72823079586e-05
37 8.52205211565e-05
4134 1.37452453478e-07
39 7.22999905295e-05
40 8.01347803778e-05
41 7.02382037274e-05
42 6.54273678556e-05
43 6.41902957743e-05
44 5.78674829143e-05
45 5.41562666704e-05
46 5.29191945891e-05
47 5.08574077869e-05
48 4.7146191543e-05
49 4.54967621013e-05
50 4.57716670082e-05
51 4.65963817291e-05
52 4.61840243687e-05
53 3.84866869739e-05
54 4.12357360435e-05
55 3.64249001717e-05
56 3.21638741139e-05
57 3.27136839278e-05
58 2.98271824048e-05
59 3.51878280904e-05
60 2.91399201374e-05
61 2.76279431491e-05
62 2.94148250443e-05
63 3.05144446722e-05
64 2.845265787e-05
65 2.29545597309e-05
66 2.55661563469e-05
67 2.74904906956e-05
68 2.44665367191e-05
69 2.5016346533e-05
70 2.28171072774e-05
71 2.36418219982e-05
72 2.66657759748e-05
73 1.95182483939e-05
74 2.02055106613e-05
75 2.11676778356e-05
76 1.80062714056e-05
77 1.77313664987e-05
78 1.62193895104e-05
79 1.896843858e-05
80 1.45699600687e-05
81 1.70441042313e-05
82 1.77313664987e-05
83 1.47074125222e-05
84 1.44325076152e-05
85 1.78688189522e-05
86 1.47074125222e-05
87 1.33328879874e-05
88 1.60819370569e-05
89 1.31954355339e-05
90 1.56695796965e-05
91 1.19583634526e-05
92 1.60819370569e-05
93 1.264562572e-05
94 1.15460060922e-05
95 1.12711011852e-05
96 1.18209109991e-05
97 1.20958159061e-05
98 1.264562572e-05
99 9.75912419695e-06
100 1.19583634526e-05
101 1.29205306269e-05
102 1.05838389178e-05
103 9.62167174347e-06
104 8.65950456913e-06
105 8.52205211565e-06
106 9.75912419695e-06
107 8.93440947608e-06
108 9.48421928999e-06
109 8.93440947608e-06
110 8.7969570226e-06
111 9.75912419695e-06
112 8.7969570226e-06
113 9.89657665043e-06
114 8.10969475521e-06
115 7.83478984826e-06
116 9.48421928999e-06
117 8.93440947608e-06
118 7.42243248782e-06
119 6.32281286e-06
120 6.32281286e-06
121 8.24714720869e-06
122 6.87262267391e-06
123 7.69733739478e-06
124 5.08574077869e-06
125 8.7969570226e-06
126 6.32281286e-06
127 6.46026531347e-06
128 7.5598849413e-06
129 7.5598849413e-06
130 7.14752758087e-06
131 7.01007512739e-06
132 7.14752758087e-06
2070 1.37452453478e-07
134 7.97224230173e-06
135 4.94828832521e-06
136 5.63555059261e-06
137 3.84866869739e-06
138 5.49809813913e-06
139 5.36064568565e-06
2188 1.37452453478e-07
141 6.73517022043e-06
142 5.63555059261e-06
143 7.28498003434e-06
144 5.91045549956e-06
145 6.73517022043e-06
146 5.08574077869e-06
147 5.91045549956e-06
148 7.14752758087e-06
149 4.81083587174e-06
150 3.29885888348e-06
151 6.87262267391e-06
152 4.3984785113e-06
2201 1.37452453478e-07
154 5.49809813913e-06
155 4.26102605782e-06
156 4.94828832521e-06
157 3.98612115087e-06
158 4.81083587174e-06
159 4.94828832521e-06
160 3.71121624391e-06
161 5.22319323217e-06
162 4.67338341826e-06
163 4.67338341826e-06
164 4.81083587174e-06
165 2.47414416261e-06
166 4.26102605782e-06
167 4.94828832521e-06
168 3.29885888348e-06
169 3.43631133695e-06
170 3.71121624391e-06
171 2.88650152304e-06
172 3.71121624391e-06
173 4.26102605782e-06
174 3.98612115087e-06
175 1.78688189522e-06
176 3.98612115087e-06
177 3.02395397652e-06
178 4.94828832521e-06
179 1.78688189522e-06
180 2.47414416261e-06
181 3.02395397652e-06
182 2.61159661609e-06
183 4.53593096478e-06
184 2.06178680217e-06
185 3.02395397652e-06
186 2.19923925565e-06
187 2.47414416261e-06
2236 1.37452453478e-07
189 2.74904906956e-06
190 3.02395397652e-06
191 3.02395397652e-06
192 3.43631133695e-06
193 3.43631133695e-06
194 2.74904906956e-06
195 3.16140643e-06
196 3.02395397652e-06
197 2.88650152304e-06
198 3.71121624391e-06
199 2.74904906956e-06
200 3.16140643e-06
201 3.02395397652e-06
202 2.61159661609e-06
203 2.06178680217e-06
204 2.74904906956e-06
484 4.12357360435e-07
206 3.98612115087e-06
207 2.06178680217e-06
208 1.51197698826e-06
209 3.16140643e-06
210 1.92433434869e-06
211 1.78688189522e-06
212 3.29885888348e-06
213 2.74904906956e-06
214 2.47414416261e-06
215 2.47414416261e-06
216 1.92433434869e-06
217 2.06178680217e-06
218 2.06178680217e-06
219 2.74904906956e-06
8412 1.37452453478e-07
221 2.47414416261e-06
222 3.71121624391e-06
223 2.88650152304e-06
224 1.78688189522e-06
225 1.92433434869e-06
226 1.92433434869e-06
227 1.64942944174e-06
228 2.06178680217e-06
38 8.26089245404e-05
230 1.78688189522e-06
231 2.47414416261e-06
232 2.06178680217e-06
233 2.61159661609e-06
234 2.06178680217e-06
235 2.06178680217e-06
236 1.51197698826e-06
237 1.64942944174e-06
238 1.92433434869e-06
239 1.51197698826e-06
240 1.92433434869e-06
241 1.09961962783e-06
2290 1.37452453478e-07
243 2.19923925565e-06
244 1.09961962783e-06
245 2.33669170913e-06
246 2.61159661609e-06
247 2.06178680217e-06
248 2.47414416261e-06
249 1.2370720813e-06
250 1.37452453478e-06
251 2.06178680217e-06
252 1.78688189522e-06
253 1.51197698826e-06
254 1.92433434869e-06
255 1.37452453478e-06
256 1.92433434869e-06
257 1.09961962783e-06
258 2.74904906956e-06
259 1.37452453478e-06
260 1.64942944174e-06
261 1.92433434869e-06
262 9.62167174347e-07
263 1.37452453478e-06
264 1.92433434869e-06
265 8.24714720869e-07
266 6.87262267391e-07
267 5.49809813913e-07
268 1.2370720813e-06
269 1.51197698826e-06
270 1.51197698826e-06
271 1.2370720813e-06
272 1.09961962783e-06
273 1.09961962783e-06
274 1.64942944174e-06
275 1.37452453478e-06
276 9.62167174347e-07
277 1.09961962783e-06
278 1.51197698826e-06
279 6.87262267391e-07
280 1.64942944174e-06
281 2.47414416261e-06
282 1.51197698826e-06
283 1.09961962783e-06
284 1.64942944174e-06
285 9.62167174347e-07
286 1.2370720813e-06
287 1.51197698826e-06
288 1.78688189522e-06
289 9.62167174347e-07
290 9.62167174347e-07
291 9.62167174347e-07
292 8.24714720869e-07
293 1.64942944174e-06
294 1.64942944174e-06
295 1.09961962783e-06
296 1.37452453478e-06
297 1.2370720813e-06
298 5.49809813913e-07
299 1.37452453478e-06
300 9.62167174347e-07
301 6.87262267391e-07
302 1.92433434869e-06
2351 1.37452453478e-07
304 6.87262267391e-07
305 6.87262267391e-07
306 2.06178680217e-06
307 9.62167174347e-07
308 1.2370720813e-06
309 1.09961962783e-06
310 1.37452453478e-06
311 8.24714720869e-07
312 1.78688189522e-06
313 1.09961962783e-06
314 1.2370720813e-06
315 1.09961962783e-06
316 1.09961962783e-06
317 8.24714720869e-07
318 5.49809813913e-07
319 1.09961962783e-06
320 5.49809813913e-07
321 5.49809813913e-07
322 5.49809813913e-07
323 1.2370720813e-06
324 5.49809813913e-07
325 1.37452453478e-06
326 1.09961962783e-06
327 5.49809813913e-07
328 1.09961962783e-06
329 8.24714720869e-07
330 8.24714720869e-07
331 8.24714720869e-07
4428 1.37452453478e-07
333 1.37452453478e-06
334 1.92433434869e-06
335 4.12357360435e-07
336 8.24714720869e-07
2104 1.37452453478e-07
338 9.62167174347e-07
339 1.2370720813e-06
340 4.12357360435e-07
341 1.51197698826e-06
342 1.37452453478e-06
343 1.09961962783e-06
344 6.87262267391e-07
345 2.74904906956e-07
346 8.24714720869e-07
347 6.87262267391e-07
348 6.87262267391e-07
349 5.49809813913e-07
350 9.62167174347e-07
351 4.12357360435e-07
352 8.24714720869e-07
2048 1.37452453478e-07
354 4.12357360435e-07
355 5.49809813913e-07
356 1.09961962783e-06
357 4.12357360435e-07
358 1.78688189522e-06
359 1.2370720813e-06
360 4.12357360435e-07
361 4.12357360435e-07
362 5.49809813913e-07
363 8.24714720869e-07
364 1.09961962783e-06
2808 1.37452453478e-07
366 9.62167174347e-07
367 8.24714720869e-07
368 5.49809813913e-07
4854 1.37452453478e-07
370 1.2370720813e-06
371 5.49809813913e-07
372 4.12357360435e-07
373 5.49809813913e-07
374 1.09961962783e-06
375 1.09961962783e-06
376 8.24714720869e-07
377 2.74904906956e-07
378 1.37452453478e-06
379 6.87262267391e-07
380 5.49809813913e-07
381 6.87262267391e-07
382 5.49809813913e-07
383 6.87262267391e-07
384 8.24714720869e-07
385 8.24714720869e-07
386 5.49809813913e-07
387 8.24714720869e-07
388 6.87262267391e-07
389 8.24714720869e-07
390 6.87262267391e-07
391 4.12357360435e-07
392 5.49809813913e-07
393 5.49809813913e-07
394 5.49809813913e-07
395 6.87262267391e-07
396 8.24714720869e-07
397 1.2370720813e-06
398 6.87262267391e-07
399 2.74904906956e-07
400 2.74904906956e-07
2449 1.37452453478e-07
402 6.87262267391e-07
403 4.12357360435e-07
404 6.87262267391e-07
405 2.74904906956e-07
406 4.12357360435e-07
407 2.74904906956e-07
408 5.49809813913e-07
409 2.74904906956e-07
410 2.74904906956e-07
411 1.37452453478e-07
412 4.12357360435e-07
413 6.87262267391e-07
414 5.49809813913e-07
415 4.12357360435e-07
416 9.62167174347e-07
417 6.87262267391e-07
418 1.37452453478e-07
419 4.12357360435e-07
420 1.37452453478e-07
421 8.24714720869e-07
422 4.12357360435e-07
423 5.49809813913e-07
4520 1.37452453478e-07
425 8.24714720869e-07
426 6.87262267391e-07
428 6.87262267391e-07
429 4.12357360435e-07
430 5.49809813913e-07
431 1.37452453478e-07
432 1.37452453478e-07
433 5.49809813913e-07
434 5.49809813913e-07
435 1.37452453478e-07
436 1.37452453478e-07
437 8.24714720869e-07
438 1.37452453478e-07
439 5.49809813913e-07
440 8.24714720869e-07
441 2.74904906956e-07
442 2.74904906956e-07
443 2.74904906956e-07
444 6.87262267391e-07
445 2.74904906956e-07
446 2.74904906956e-07
447 2.74904906956e-07
448 2.74904906956e-07
449 2.74904906956e-07
450 4.12357360435e-07
451 4.12357360435e-07
35268 1.37452453478e-07
758 2.74904906956e-07
454 4.12357360435e-07
455 9.62167174347e-07
456 1.37452453478e-07
457 2.74904906956e-07
458 2.74904906956e-07
459 1.37452453478e-07
460 5.49809813913e-07
461 1.37452453478e-07
462 4.12357360435e-07
463 1.2370720813e-06
464 5.49809813913e-07
465 5.49809813913e-07
466 5.49809813913e-07
467 6.87262267391e-07
468 2.74904906956e-07
6613 1.37452453478e-07
470 2.74904906956e-07
471 6.87262267391e-07
472 1.37452453478e-07
473 8.24714720869e-07
475 2.74904906956e-07
476 8.24714720869e-07
477 4.12357360435e-07
478 2.74904906956e-07
479 2.74904906956e-07
480 2.74904906956e-07
481 2.74904906956e-07
482 4.12357360435e-07
483 1.37452453478e-07
2532 1.37452453478e-07
485 4.12357360435e-07
486 2.74904906956e-07
487 1.37452453478e-07
488 4.12357360435e-07
489 5.49809813913e-07
490 1.37452453478e-07
491 1.37452453478e-07
492 4.12357360435e-07
493 4.12357360435e-07
494 6.87262267391e-07
4449 1.37452453478e-07
496 2.74904906956e-07
497 4.12357360435e-07
498 4.12357360435e-07
499 2.74904906956e-07
500 5.49809813913e-07
501 4.12357360435e-07
502 5.49809813913e-07
504 5.49809813913e-07
505 4.12357360435e-07
506 5.49809813913e-07
507 1.37452453478e-07
508 2.74904906956e-07
2474 1.37452453478e-07
510 1.37452453478e-07
511 1.37452453478e-07
512 5.49809813913e-07
768 1.37452453478e-07
514 5.49809813913e-07
515 2.74904906956e-07
516 4.12357360435e-07
517 1.37452453478e-07
518 4.12357360435e-07
519 5.49809813913e-07
520 2.74904906956e-07
521 2.74904906956e-07
522 4.12357360435e-07
523 1.37452453478e-07
524 1.37452453478e-07
525 4.12357360435e-07
526 4.12357360435e-07
527 2.74904906956e-07
528 2.74904906956e-07
529 1.37452453478e-07
2578 1.37452453478e-07
531 2.74904906956e-07
532 4.12357360435e-07
533 1.37452453478e-07
534 2.74904906956e-07
495 6.87262267391e-07
536 6.87262267391e-07
537 1.37452453478e-07
538 4.12357360435e-07
539 2.74904906956e-07
540 1.37452453478e-07
541 1.37452453478e-07
542 2.74904906956e-07
543 4.12357360435e-07
544 1.37452453478e-07
545 1.37452453478e-07
546 1.37452453478e-07
548 1.37452453478e-07
549 1.37452453478e-07
551 4.12357360435e-07
552 5.49809813913e-07
553 2.74904906956e-07
554 5.49809813913e-07
2063 1.37452453478e-07
556 5.49809813913e-07
558 2.74904906956e-07
559 6.87262267391e-07
561 5.49809813913e-07
563 1.37452453478e-07
564 5.49809813913e-07
565 5.49809813913e-07
566 1.37452453478e-07
567 6.87262267391e-07
568 2.74904906956e-07
569 1.37452453478e-07
570 1.37452453478e-07
571 2.74904906956e-07
573 1.37452453478e-07
574 1.37452453478e-07
575 2.74904906956e-07
576 2.74904906956e-07
577 5.49809813913e-07
578 4.12357360435e-07
579 2.74904906956e-07
580 2.74904906956e-07
581 1.37452453478e-07
583 1.37452453478e-07
584 1.37452453478e-07
586 1.37452453478e-07
587 2.74904906956e-07
589 1.37452453478e-07
590 1.37452453478e-07
781 2.74904906956e-07
593 1.37452453478e-07
594 4.12357360435e-07
595 4.12357360435e-07
596 2.74904906956e-07
597 5.49809813913e-07
598 2.74904906956e-07
599 4.12357360435e-07
600 2.74904906956e-07
601 5.49809813913e-07
770 2.74904906956e-07
2651 1.37452453478e-07
604 4.12357360435e-07
2653 1.37452453478e-07
606 6.87262267391e-07
607 1.37452453478e-07
608 1.37452453478e-07
610 4.12357360435e-07
611 5.49809813913e-07
612 4.12357360435e-07
616 2.74904906956e-07
617 2.74904906956e-07
618 2.74904906956e-07
619 1.37452453478e-07
620 1.37452453478e-07
621 5.49809813913e-07
622 2.74904906956e-07
623 5.49809813913e-07
2152 1.37452453478e-07
2674 1.37452453478e-07
627 4.12357360435e-07
628 4.12357360435e-07
629 2.74904906956e-07
630 4.12357360435e-07
631 2.74904906956e-07
632 2.74904906956e-07
634 2.74904906956e-07
686 1.37452453478e-07
637 1.37452453478e-07
638 2.74904906956e-07
639 4.12357360435e-07
641 1.37452453478e-07
642 1.37452453478e-07
643 2.74904906956e-07
646 1.37452453478e-07
647 1.37452453478e-07
648 2.74904906956e-07
649 1.37452453478e-07
651 2.74904906956e-07
652 5.49809813913e-07
655 1.37452453478e-07
656 5.49809813913e-07
657 4.12357360435e-07
2732 1.37452453478e-07
2707 1.37452453478e-07
660 2.74904906956e-07
661 6.87262267391e-07
665 1.37452453478e-07
667 2.74904906956e-07
669 1.37452453478e-07
670 1.37452453478e-07
671 1.37452453478e-07
672 2.74904906956e-07
673 1.37452453478e-07
674 1.37452453478e-07
675 1.37452453478e-07
676 1.37452453478e-07
679 2.74904906956e-07
680 1.37452453478e-07
682 2.74904906956e-07
683 4.12357360435e-07
684 1.37452453478e-07
2734 1.37452453478e-07
1821 1.37452453478e-07
688 1.37452453478e-07
689 1.37452453478e-07
691 1.37452453478e-07
692 2.74904906956e-07
693 1.37452453478e-07
694 1.37452453478e-07
696 1.37452453478e-07
697 2.74904906956e-07
698 1.37452453478e-07
699 4.12357360435e-07
700 4.12357360435e-07
701 1.37452453478e-07
704 1.37452453478e-07
4801 1.37452453478e-07
706 2.74904906956e-07
707 1.37452453478e-07
708 4.12357360435e-07
709 4.12357360435e-07
710 2.74904906956e-07
711 1.37452453478e-07
712 2.74904906956e-07
713 5.49809813913e-07
714 1.37452453478e-07
718 1.37452453478e-07
719 1.37452453478e-07
720 1.37452453478e-07
721 1.37452453478e-07
723 1.37452453478e-07
724 1.37452453478e-07
725 1.37452453478e-07
726 1.37452453478e-07
1145 1.37452453478e-07
728 1.37452453478e-07
729 1.37452453478e-07
730 1.37452453478e-07
733 2.74904906956e-07
734 1.37452453478e-07
735 1.37452453478e-07
736 2.74904906956e-07
737 1.37452453478e-07
738 1.37452453478e-07
740 2.74904906956e-07
741 2.74904906956e-07
742 1.37452453478e-07
743 4.12357360435e-07
744 1.37452453478e-07
745 1.37452453478e-07
746 1.37452453478e-07
747 1.37452453478e-07
748 1.37452453478e-07
2799 1.37452453478e-07
752 1.37452453478e-07
755 1.37452453478e-07
756 2.74904906956e-07
757 2.74904906956e-07
2806 1.37452453478e-07
760 1.37452453478e-07
762 1.37452453478e-07
764 2.74904906956e-07
765 1.37452453478e-07
767 5.49809813913e-07
2816 1.37452453478e-07
769 1.37452453478e-07
4866 1.37452453478e-07
771 1.37452453478e-07
772 2.74904906956e-07
2821 1.37452453478e-07
774 2.74904906956e-07
775 1.37452453478e-07
777 1.37452453478e-07
4875 1.37452453478e-07
780 2.74904906956e-07
751 1.37452453478e-07
782 2.74904906956e-07
783 1.37452453478e-07
785 2.74904906956e-07
786 1.37452453478e-07
788 1.37452453478e-07
790 1.37452453478e-07
793 1.37452453478e-07
2842 1.37452453478e-07
795 1.37452453478e-07
797 2.74904906956e-07
798 1.37452453478e-07
133 6.04790795304e-06
800 1.37452453478e-07
801 2.74904906956e-07
2850 1.37452453478e-07
803 1.37452453478e-07
806 1.37452453478e-07
807 1.37452453478e-07
809 2.74904906956e-07
810 1.37452453478e-07
812 1.37452453478e-07
813 1.37452453478e-07
814 1.37452453478e-07
815 1.37452453478e-07
816 1.37452453478e-07
2184 1.37452453478e-07
818 1.37452453478e-07
819 1.37452453478e-07
820 1.37452453478e-07
4574 1.37452453478e-07
822 2.74904906956e-07
824 1.37452453478e-07
825 1.37452453478e-07
829 1.37452453478e-07
830 1.37452453478e-07
832 1.37452453478e-07
833 2.74904906956e-07
836 2.74904906956e-07
838 1.37452453478e-07
839 1.37452453478e-07
140 4.67338341826e-06
842 1.37452453478e-07
843 1.37452453478e-07
845 4.12357360435e-07
846 4.12357360435e-07
369 4.12357360435e-07
848 2.74904906956e-07
849 1.37452453478e-07
851 1.37452453478e-07
852 1.37452453478e-07
854 2.74904906956e-07
855 1.37452453478e-07
856 2.74904906956e-07
857 2.74904906956e-07
858 1.37452453478e-07
859 1.37452453478e-07
2908 1.37452453478e-07
863 2.74904906956e-07
865 1.37452453478e-07
866 4.12357360435e-07
868 1.37452453478e-07
870 1.37452453478e-07
779 1.37452453478e-07
873 2.74904906956e-07
874 1.37452453478e-07
875 1.37452453478e-07
876 4.12357360435e-07
878 2.74904906956e-07
879 1.37452453478e-07
880 1.37452453478e-07
4462 1.37452453478e-07
887 1.37452453478e-07
895 1.37452453478e-07
897 1.37452453478e-07
898 2.74904906956e-07
899 1.37452453478e-07
2198 1.37452453478e-07
904 1.37452453478e-07
905 1.37452453478e-07
906 1.37452453478e-07
910 2.74904906956e-07
912 1.37452453478e-07
914 1.37452453478e-07
916 1.37452453478e-07
918 1.37452453478e-07
153 4.12357360435e-06
920 2.74904906956e-07
923 1.37452453478e-07
926 1.37452453478e-07
1861 1.37452453478e-07
930 2.74904906956e-07
933 1.37452453478e-07
934 1.37452453478e-07
935 1.37452453478e-07
937 1.37452453478e-07
938 1.37452453478e-07
941 2.74904906956e-07
1181 1.37452453478e-07
945 1.37452453478e-07
953 1.37452453478e-07
954 1.37452453478e-07
7099 1.37452453478e-07
960 2.74904906956e-07
962 1.37452453478e-07
3011 1.37452453478e-07
7109 1.37452453478e-07
3014 1.37452453478e-07
3015 1.37452453478e-07
969 1.37452453478e-07
3025 1.37452453478e-07
980 1.37452453478e-07
982 2.74904906956e-07
985 2.74904906956e-07
986 1.37452453478e-07
987 1.37452453478e-07
990 1.37452453478e-07
3041 1.37452453478e-07
994 1.37452453478e-07
995 4.12357360435e-07
997 1.37452453478e-07
999 4.12357360435e-07
1000 1.37452453478e-07
1002 2.74904906956e-07
1004 2.74904906956e-07
1005 1.37452453478e-07
1006 1.37452453478e-07
1007 2.74904906956e-07
1011 2.74904906956e-07
1013 1.37452453478e-07
1014 1.37452453478e-07
1017 1.37452453478e-07
1018 1.37452453478e-07
1019 2.74904906956e-07
1020 1.37452453478e-07
1022 1.37452453478e-07
1029 1.37452453478e-07
1031 1.37452453478e-07
1033 1.37452453478e-07
1034 1.37452453478e-07
1035 1.37452453478e-07
424 2.74904906956e-07
1043 1.37452453478e-07
1044 1.37452453478e-07
1045 1.37452453478e-07
1046 1.37452453478e-07
1047 1.37452453478e-07
1053 1.37452453478e-07
1058 1.37452453478e-07
1059 2.74904906956e-07
7204 1.37452453478e-07
1062 1.37452453478e-07
3112 1.37452453478e-07
3113 1.37452453478e-07
1068 2.74904906956e-07
1071 1.37452453478e-07
3120 1.37452453478e-07
513 2.74904906956e-07
3126 1.37452453478e-07
1082 1.37452453478e-07
1085 2.74904906956e-07
1086 2.74904906956e-07
1088 1.37452453478e-07
1090 1.37452453478e-07
1092 1.37452453478e-07
1096 2.74904906956e-07
1100 1.37452453478e-07
1104 2.74904906956e-07
1105 1.37452453478e-07
1108 1.37452453478e-07
1109 1.37452453478e-07
1110 1.37452453478e-07
1111 1.37452453478e-07
1117 2.74904906956e-07
1119 1.37452453478e-07
1120 1.37452453478e-07
1122 1.37452453478e-07
1123 1.37452453478e-07
1125 2.74904906956e-07
188 3.43631133695e-06
3179 1.37452453478e-07
530 2.74904906956e-07
1134 2.74904906956e-07
1136 2.74904906956e-07
5234 1.37452453478e-07
1140 1.37452453478e-07
1144 1.37452453478e-07
3193 1.37452453478e-07
3194 1.37452453478e-07
1148 1.37452453478e-07
1150 1.37452453478e-07
1152 1.37452453478e-07
3203 1.37452453478e-07
1158 1.37452453478e-07
1161 2.74904906956e-07
535 1.37452453478e-07
2242 1.37452453478e-07
1167 1.37452453478e-07
1169 1.37452453478e-07
2494 1.37452453478e-07
2115 1.37452453478e-07
2426 1.37452453478e-07
3234 1.37452453478e-07
1187 2.74904906956e-07
1195 1.37452453478e-07
1203 1.37452453478e-07
1204 1.37452453478e-07
1209 1.37452453478e-07
1213 1.37452453478e-07
885 1.37452453478e-07
1223 1.37452453478e-07
1224 1.37452453478e-07
1225 1.37452453478e-07
205 1.51197698826e-06
1237 1.37452453478e-07
1238 1.37452453478e-07
1064 1.37452453478e-07
1241 1.37452453478e-07
1243 1.37452453478e-07
1247 1.37452453478e-07
1248 1.37452453478e-07
1253 1.37452453478e-07
1254 2.74904906956e-07
860 1.37452453478e-07
1258 1.37452453478e-07
1262 1.37452453478e-07
1133 1.37452453478e-07
1264 1.37452453478e-07
7410 1.37452453478e-07
1268 2.74904906956e-07
1065 2.74904906956e-07
1270 1.37452453478e-07
1274 1.37452453478e-07
1275 1.37452453478e-07
1276 1.37452453478e-07
1278 1.37452453478e-07
1279 1.37452453478e-07
1283 1.37452453478e-07
452 9.62167174347e-07
2157 1.37452453478e-07
1303 1.37452453478e-07
1304 1.37452453478e-07
5403 1.37452453478e-07
220 2.47414416261e-06
453 2.74904906956e-07
1324 1.37452453478e-07
1326 1.37452453478e-07
1335 1.37452453478e-07
1339 1.37452453478e-07
1345 1.37452453478e-07
1349 2.74904906956e-07
1350 1.37452453478e-07
1352 1.37452453478e-07
727 1.37452453478e-07
3408 1.37452453478e-07
1369 1.37452453478e-07
1370 1.37452453478e-07
1372 1.37452453478e-07
1373 2.74904906956e-07
229 1.2370720813e-06
1376 1.37452453478e-07
1377 1.37452453478e-07
1379 1.37452453478e-07
3429 1.37452453478e-07
1384 1.37452453478e-07
1390 1.37452453478e-07
1392 1.37452453478e-07
1399 2.74904906956e-07
773 1.37452453478e-07
1414 1.37452453478e-07
1416 1.37452453478e-07
1417 1.37452453478e-07
1422 1.37452453478e-07
3473 1.37452453478e-07
1434 1.37452453478e-07
1263 1.37452453478e-07
1436 1.37452453478e-07
705 1.37452453478e-07
3492 1.37452453478e-07
3493 1.37452453478e-07
1451 1.37452453478e-07
1452 1.37452453478e-07
242 1.37452453478e-06
1460 1.37452453478e-07
1466 1.37452453478e-07
927 1.37452453478e-07
1269 1.37452453478e-07
1472 1.37452453478e-07
1483 2.74904906956e-07
1496 1.37452453478e-07
1498 1.37452453478e-07
1506 1.37452453478e-07
1507 1.37452453478e-07
3562 1.37452453478e-07
1516 1.37452453478e-07
1521 1.37452453478e-07
1532 1.37452453478e-07
1536 1.37452453478e-07
1537 1.37452453478e-07
1542 1.37452453478e-07
7693 1.37452453478e-07
1558 1.37452453478e-07
1559 1.37452453478e-07
943 1.37452453478e-07
602 1.37452453478e-07
1569 1.37452453478e-07
1575 1.37452453478e-07
1581 1.37452453478e-07
1582 1.37452453478e-07
365 1.37452453478e-07
3638 1.37452453478e-07
8457 1.37452453478e-07
1594 1.37452453478e-07
2099 1.37452453478e-07
2781 1.37452453478e-07
1604 1.37452453478e-07
3656 1.37452453478e-07
1613 1.37452453478e-07
1616 1.37452453478e-07
1617 1.37452453478e-07
1620 1.37452453478e-07
1625 2.74904906956e-07
1630 1.37452453478e-07
1631 1.37452453478e-07
1633 1.37452453478e-07
1640 2.74904906956e-07
1647 1.37452453478e-07
1658 1.37452453478e-07
1664 1.37452453478e-07
1676 1.37452453478e-07
1695 1.37452453478e-07
626 2.74904906956e-07
1266 1.37452453478e-07
9904 1.37452453478e-07
1716 1.37452453478e-07
1717 1.37452453478e-07
2678 1.37452453478e-07
1735 1.37452453478e-07
1746 1.37452453478e-07
1747 1.37452453478e-07
1754 1.37452453478e-07
12646 1.37452453478e-07
1764 2.74904906956e-07
977 1.37452453478e-07
2603 1.37452453478e-07
636 2.74904906956e-07
1773 1.37452453478e-07
1778 1.37452453478e-07
1780 1.37452453478e-07
1781 1.37452453478e-07
32506 1.37452453478e-07
1787 1.37452453478e-07
1795 1.37452453478e-07
16136 1.37452453478e-07
1801 1.37452453478e-07
469 5.49809813913e-07
1805 1.37452453478e-07
401 5.49809813913e-07
1809 1.37452453478e-07
1818 1.37452453478e-07
303 1.09961962783e-06
1820 1.37452453478e-07
5082 1.37452453478e-07
1829 1.37452453478e-07
1841 1.37452453478e-07
3901 1.37452453478e-07
4406 1.37452453478e-07
1863 1.37452453478e-07
1880 1.37452453478e-07
10087 1.37452453478e-07
10088 1.37452453478e-07
658 1.37452453478e-07
6461 1.37452453478e-07
1919 1.37452453478e-07
1924 1.37452453478e-07
3973 1.37452453478e-07
4076 1.37452453478e-07
337 6.87262267391e-07
3993 1.37452453478e-07
1948 1.37452453478e-07
16285 1.37452453478e-07
1952 2.74904906956e-07
10146 1.37452453478e-07
4422 1.37452453478e-07
1960 1.37452453478e-07
1445 1.37452453478e-07
1981 1.37452453478e-07
1986 1.37452453478e-07
332 1.2370720813e-06
1996 1.37452453478e-07
2385 1.37452453478e-07
2007 1.37452453478e-07
817 1.37452453478e-07
2018 2.74904906956e-07
6481 1.37452453478e-07
2028 1.37452453478e-07
2065 1.37452453478e-07
