799 0.00231123809176
4622442 0.00212511401971
570 0.00114368111446
3936028 0.00106399066487
356865 0.000911466883447
2963839 0.00067387236097
27 0.000670949530819
1073 0.000667314757374
4934844 0.000647688952237
5210141 0.000577253784183
985 0.000567007478585
5156 0.000558052160777
2755 0.000512754450347
823 0.00049188832317
2628 0.000484634952596
3716 0.000477333181908
2175 0.000435704896699
5326 0.000434173409442
5010044 0.00042280422299
878 0.000403499416111
3641748 0.000363270971635
249 0.000348216718031
2858 0.000334929265963
1263 0.000322601612437
1579 0.000322411049347
1570 0.00032218058939
983 0.000320754346428
691 0.000313629591879
4163 0.000301797719165
3065 0.000297052461906
3679 0.000296198644533
2946 0.000295204902125
4912 0.000295025543934
4508 0.00029390535746
2065 0.000291982155566
132561 0.000279828512181
1694 0.000279003223413
1814 0.000278044472456
13806 0.00027629329421
4248 0.000275638469029
297 0.000274178843888
1022 0.000265224812134
512 0.000257916154137
11761 0.000257384344306
71 0.000252164007544
108 0.00024319038687
519673 0.000241646880067
3210 0.000233410629744
1621109 0.000230496762815
131 0.00022530105916
2985 0.000223465094247
1725 0.000222640349612
15886 0.000218553810348
331 0.000214164890732
6 0.000213242241636
877 0.00021049215204
756 0.000210458263933
1385 0.00020939284044
2332161 0.000207492723436
1141 0.000207169025091
618 0.000205127041116
1417 0.000204594781586
1395 0.000199690318414
103878 0.000198569741318
4269 0.000198526206233
8363 0.000198522245023
250 0.000194295146467
4655 0.000191985466376
7496 0.000188680678672
3671010 0.000188434903191
5028171 0.000187803378003
21 0.000187014444641
221 0.000186794843524
4069 0.000185541569405
24530 0.000185232981123
2273 0.000183811794263
429 0.000180752279622
2012790 0.000180732689577
9797 0.000176866763702
7406 0.000175187777015
18299 0.000173998234365
4585772 0.000173976963234
1940076 0.000172593982194
2870 0.00017122711162
1198 0.00016778904618
5541 0.000164035726683
4320977 0.000163366943201
2498 0.000161888165384
3337 0.000161028226245
8983 0.000157583657943
3039 0.000157051201423
121 0.000154643162387
35523 0.00015399961555
25 0.000151651796921
1550 0.00015093542219
2766855 0.000150857084207
747 0.000149450210278
23637 0.000148612609333
419 0.000147380395377
681 0.000146222782896
16220 0.000144613587114
17976 0.000144285892729
2995 0.000143683706845
8061 0.000143666504528
5492 0.00014328491045
73 0.00014050114395
17325 0.000138818449121
1734 0.0001385074821
626632 0.000138386889242
508213 0.000138295609595
5844811 0.000137939027581
4614 0.000137009274532
198333 0.000135579012766
20111 0.00013520971089
3885 0.000135168845701
18979 0.000133398240041
2544 0.000133090886207
6403 0.000132982159582
295 0.000132777771319
2067 0.000132744031257
1600 0.000132328963507
4258 0.000131934580932
2896 0.000131686734241
10149 0.000131270889454
5514 0.000129811435924
31267 0.000128367492627
146 0.000128312870264
21442 0.000128306115315
4552207 0.000128210890872
22708 0.000127546167825
10970 0.000127245670657
1896 0.00012560520061
787719 0.000124712079043
2639691 0.000122102118357
3706 0.000121712813353
1294770 0.000120348746198
38437 0.000119858823469
3094851 0.000119261987458
914 0.000118512847019
411 0.00011842776013
1957 0.000118338370481
5722 0.000118236459048
4609 0.000118073986335
4582 0.00011759403024
14179 0.000117308487076
4337 0.000116976935134
4097 0.000116851576099
2769181 0.000116834031251
8032 0.000115734780638
6335 0.000115603810947
4086 0.00011482363095
134622 0.000113759384231
3839 0.000113400147069
212 0.000113232660153
6478 0.000113149773367
1095 0.000112990678168
4049 0.000110852718893
9428 0.000110718709128
1303088 0.000110558269044
9734 0.000109750454719
4643 0.000109076107809
4578276 0.000108912966045
2413104 0.000108760519226
4701 0.000108693351431
9516 0.000108489966742
6089 0.000107702082718
2127856 0.000107623803996
46235 0.000107620177311
4963 0.000107599381952
15764 0.00010744428289
9710 0.000106873123805
6077419 0.000106223523084
12478 0.000106027867007
2371 0.000105474415763
252 0.000105384932062
3135 0.000105163332494
8008 0.000104768008568
80 0.000103380977752
389 0.000103337501928
384 0.000102798857155
4365511 0.000102667664308
2686388 0.000102471753519
10247 0.000102015997176
2717421 0.000101837308035
1331 0.000101517445914
266391 0.000100916901761
1017 9.99359934677e-05
668 9.98127640024e-05
88777 9.96898834619e-05
942 9.94791639474e-05
5897 9.86957250731e-05
16054 9.74356950224e-05
2740430 9.74231052788e-05
2769179 9.72094281295e-05
7868 9.70586317394e-05
6573589 9.70430756631e-05
1776 9.64173668927e-05
1716 9.61802730354e-05
1298208 9.57832172238e-05
1

